# time    Vlaser    Vrot
0 0 0
0,361 0,000 0,000 0,000
0,861 -0,000 0,000 0,000
1,361 0,000 0,000 0,000
1,863 0,000 0,000 0,000
2,363 0,000 0,000 0,000
2,864 -0,000 0,000 0,000
3,365 -0,000 0,000 0,000
3,865 0,000 0,000 0,000
4,365 0,000 0,000 0,000
4,867 -0,001 0,000 0,000
5,366 0,001 0,000 0,000
5,869 -0,001 0,000 0,000
6,368 0,001 0,000 0,000
6,871 -0,001 0,000 0,000
7,371 0,000 0,000 0,000
7,877 0,000 0,000 0,000
8,373 0,000 0,000 0,000
8,874 0,000 0,000 0,000
9,376 0,000 0,000 0,000
9,884 -0,001 0,000 0,000
10,375 0,000 0,000 0,000
10,878 0,000 0,000 0,000
11,377 0,000 0,000 0,000
11,879 0,000 0,000 0,000
12,385 -0,000 0,000 0,000
12,882 0,000 0,000 0,000
13,384 0,000 0,000 0,000
13,883 -0,001 0,000 0,000
14,384 0,000 0,000 0,000
14,889 0,000 0,000 0,000
15,385 0,000 0,000 0,000
15,887 -0,000 0,000 0,000
16,386 0,000 0,000 0,000
16,896 0,000 0,000 0,000
17,389 -0,000 0,000 0,000
17,889 -0,000 0,000 0,000
18,391 0,000 0,000 0,000
18,892 -0,001 0,000 0,000
19,391 0,001 0,000 0,000
19,893 0,000 0,000 0,000
20,394 -0,001 0,000 0,000
20,895 0,000 0,000 0,000
21,394 0,000 0,000 0,000
21,897 -0,000 0,000 0,000
22,397 0,001 0,000 0,000
22,899 -0,000 0,000 0,000
23,403 -0,001 0,000 0,000
23,901 0,001 0,000 0,000
24,401 0,000 0,000 0,000
24,902 -0,001 0,000 0,000
25,406 0,001 0,000 0,000
25,902 0,000 0,000 0,000
26,403 -0,000 0,000 0,000
26,904 0,000 0,000 0,000
27,407 0,000 0,000 0,000
27,906 -0,000 0,000 0,000
28,405 0,000 0,000 0,000
28,912 -0,001 0,000 0,000
29,412 0,000 0,000 0,000
29,908 0,000 0,000 0,000
30,408 0,000 0,000 0,000
30,910 -0,001 0,000 0,000
31,410 -0,000 0,000 0,000
31,911 0,001 0,000 0,000
32,411 -0,001 0,000 0,000
32,917 0,001 0,000 0,000
33,419 -0,000 0,000 0,000
33,914 0,001 0,000 0,000
34,415 -0,000 0,000 0,000
34,916 0,000 0,000 0,000
35,420 -0,000 0,000 0,000
35,918 -0,001 0,000 0,000
36,418 0,001 0,000 0,000
36,920 0,000 0,000 0,000
37,421 -0,000 0,000 0,000
37,928 0,000 0,000 0,000
38,423 -0,000 0,000 0,000
38,924 0,000 0,000 0,000
39,424 0,000 0,000 0,000
39,925 0,000 0,000 0,000
40,426 0,000 0,000 0,000
40,927 -0,001 0,000 0,000
41,427 0,001 0,000 0,000
41,928 -0,001 0,000 0,000
42,427 0,001 0,000 0,000
42,929 -0,000 0,000 0,000
43,430 0,001 0,000 0,000
43,931 -0,000 0,000 0,000
44,430 0,001 0,000 0,000
44,932 -0,000 0,000 0,000
45,436 0,000 0,000 0,000
45,933 -0,001 0,000 0,000
46,434 0,000 0,000 0,000
46,935 -0,001 0,000 0,000
47,443 0,001 0,000 0,000
47,936 0,000 0,000 0,000
48,437 -0,000 0,000 0,000
48,938 0,000 0,000 0,000
49,437 -0,000 0,000 0,000
